         0 |    100 |    17254 |
         0 |    400 |    28571 |
         0 |    600 |    12377 |
         0 |    800 |     3224 |
         0 |   1200 |      820 |
         2 |    100 |       51 |
         2 |    400 |      121 |
         2 |    600 |       95 |
         2 |    800 |       17 |
         2 |   1200 |        4 |
         3 |    100 |      172 |
         3 |    400 |      186 |
         3 |    600 |      238 |
         3 |    800 |      227 |
         3 |   1200 |       40 |
         4 |    100 |     3640 |
         4 |    400 |     3974 |
         4 |    600 |     1556 |
         4 |    800 |      234 |
         4 |   1200 |       43 |
         6 |    100 |       21 |
         6 |    400 |       44 |
         6 |    600 |       40 |
         6 |    800 |        7 |
         6 |   1200 |        4 |
         8 |    100 |      349 |
         8 |    400 |     1175 |
         8 |    600 |      481 |
         8 |    800 |       65 |
         8 |   1200 |       14 |
         9 |    100 |     1690 |
         9 |    400 |     2761 |
         9 |    600 |     5166 |
         9 |    800 |     1143 |
         9 |   1200 |       25 |
        12 |    100 |     3057 |
        12 |    400 |     4380 |
        12 |    600 |     1144 |
        12 |    800 |       68 |
        12 |   1200 |       14 |
        13 |    100 |      863 |
        13 |    400 |     1148 |
        13 |    600 |      419 |
        13 |    800 |       89 |
        13 |   1200 |        6 |
        15 |    100 |       42 |
        15 |    400 |       81 |
        15 |    600 |       34 |
        15 |    800 |        5 |
        15 |   1200 |        2 |
        18 |    400 |        1 |
        20 |    600 |        1 |
        20 |    800 |        3 |
        21 |    100 |        2 |
        21 |    400 |        7 |
        21 |    600 |        1 |
        23 |    100 |       27 |
        23 |    400 |       65 |
        23 |    600 |       51 |
        23 |    800 |        7 |
        23 |   1200 |        2 |
        29 |    100 |       18 |
        29 |    400 |       46 |
        29 |    600 |        8 |
 100000000 |    100 |       28 |
 100000000 |    400 |       43 |
 100000000 |    600 |        7 |
 100000000 |    800 |        4 |
